11.1534
13.7975
7.1025
5.7702
5.8288
9.5383
4.0329
4.8978
2.9453
5.2897
2.5707  
6.3120
1.8944
5.1238
1.3364
5.2496
1.3798
4.8525
1.1210
4.9940
0.8807
4.8030
0.7291
4.7595
0.7335
4.6854
0.7101
4.9627
0.7087
4.7500
0.5973
4.5999
0.5759
4.7411
0.5831
4.7033
0.5412
4.7492
0.5329
4.6668
0.5382
4.6180
0.5096
4.7837
0.5601
4.6579
0.5381
4.7542
0.5119
4.8387
0.4764
4.7658
0.4896
4.7615
0.4991
4.6393
0.5207
4.7171
0.5453
4.7325
0.4705
4.6957
0.4864
4.6245
0.4602
4.6447
0.4741
4.7411
0.5247
4.6081
0.4613
4.7692
0.5049
4.6756
0.4773
4.6550
0.4869
4.6693
0.4873
4.8361
0.4825
4.7562
0.5049
4.6793
0.5013
4.7356
0.4570
4.7232
0.4851
4.7840
0.5127
4.7061
0.4735
4.6572
0.4741
4.8007
0.4713
4.7171
0.4444
4.6487